-0.3285219507109095,-0.22166461420668654
