0.08309140869681814,-0.16438036849827364
